# Кол-во вершин и их координаты
 12
 1.0 -2.0  0.0
 1.0  2.0  0.0
-1.0  2.0  0.0
-1.0 -2.0  0.0
 1.0 -2.0  1.5
 1.0  0.0  1.5
 1.0  2.0  1.5
-1.0  2.0  1.5
-1.0  0.0  1.5
-1.0 -2.0  1.5
 0.0  2.0  2.5
 0.0  0.0  2.5
#Кол-во граней их описание, первое число - кол-во вершин
 9
 4  0  1  2  3
 4  9  4  0  3
 4  7  9  3  2
 4 10 11  8  7
 3 11  5  8
 4  4  6  1  0
 5 10  7  2  1  6
 4  9  8  5  4
 4 11 10  6  5
#Вектора нормалей к каждой грани, сколько нормалей - столько граней
 0.0       0.0  -1.0
 0.0      -1.0   0.0
-1.0       0.0   0.0
-0.707107  0.0   0.707107
 0.0      -1.0   0.0
 1.0       0.0   0.0
 0.0       1.0   0.0
 0.0       0.0   1.0
 0.707107  0.0   0.707107
#Текстурные координаты для каждой грани, одна строка - одна грань
0.0  0.0  0.0  0.0  0.0  0.0   0.0  0.0
0.0  0.0  0.0  0.0  0.0  0.0   0.0  0.0
0.0  0.0  0.0  0.0  0.0  0.0   0.0  0.0
0.0  0.0  0.0  0.0  0.0  0.0   0.0  0.0
0.0  0.0  0.0  0.0  0.0  0.0
0.0  0.0  0.0  0.0  0.0  0.0   0.0  0.0
0.0  0.0  0.0  0.0  0.0  0.0   0.0  0.0  0.0  0.0
0.0  0.0  0.0  0.0  0.0  0.0   0.0  0.0
0.0  0.0  0.0  0.0  0.0  0.0   0.0  0.0